11,15
11,14
11,12
11,10
11,8
11,7
11,6
11,5
11,4
8,15
8,8
8,14
8,11
8,9
8,5
8,4
4,26
4,25
6,5
6,4
7,8
7,7
17,2
17,1
17,3
15,2
15,1
15,3
16,2
16,1
16,3
13,2
14,2
4,39
4,40
4,4
4,88
4,14
4,30
4,86
4,77
4,28
4,38
4,1
4,32
4,2
4,3
6,7
6,1
6,6
6,2
6,3
7,10
7,12
7,4
7,9
7,5
7,6
7,13
7,1
7,11
7,2
7,3
5,4
5,2
5,1
5,3
88,3
88,2
88,1
88,0
87,3
87,2
87,1
87,0
86,3
86,2
86,1
86,0
85,3
85,2
85,1
85,0
84,3
84,2
84,1
84,0
83,3
83,2
83,1
83,0
75,2
75,0
78,4
75,1
75,3
78,1
78,3
82,52
82,51
82,50
82,49
82,48
82,47
82,46
82,45
82,44
82,43
82,42
82,41
82,40
82,39
82,38
82,37
82,36
82,35
10,221
10,27
10,229
10,149
10,197
10,235
10,119
10,275
11,19
11,11
11,9
11,21
11,27
